0 0.339062 0.327709 0.195625 0.171107
0 0.504375 0.127294 0.172500 0.168147
0 0.774375 0.193014 0.213750 0.190645
0 0.570625 0.390468 0.187500 0.175844
0 0.315625 0.530787 0.072500 0.071640
0 0.427187 0.652457 0.205625 0.204855
0 0.773125 0.529899 0.243750 0.227353
0 0.184688 0.168739 0.206875 0.209591
0 0.108125 0.531972 0.215000 0.227946
0 0.471562 0.838366 0.100625 0.094731
0 0.260000 0.869449 0.206250 0.153345
0 0.722812 0.822380 0.309375 0.249852
0 0.059062 0.805210 0.116875 0.209591
0 0.963437 0.291001 0.073125 0.107164
