0 0.321128 0.267992 0.078283 0.121843
0 0.416456 0.272254 0.076178 0.108902
0 0.548506 0.332702 0.080598 0.118687
0 0.323969 0.442235 0.069655 0.106692
0 0.417929 0.436080 0.073232 0.110164
0 0.329861 0.641256 0.056608 0.084912
0 0.458859 0.641256 0.069655 0.100063
0 0.577652 0.623264 0.063131 0.081755
0 0.707176 0.568971 0.082702 0.127210
0 0.326178 0.847538 0.055135 0.090278
0 0.457176 0.839962 0.070497 0.101010
0 0.584491 0.825758 0.060816 0.090278
0 0.389941 0.735953 0.097222 0.143624
0 0.528620 0.731061 0.090067 0.123106
