0 0.322496 0.168403 0.092803 0.131629
0 0.439710 0.167771 0.087753 0.132891
0 0.324705 0.383838 0.091330 0.133838
0 0.445181 0.374527 0.092803 0.139205
0 0.601536 0.244003 0.097854 0.143939
0 0.333018 0.630997 0.073443 0.105429
0 0.494108 0.625000 0.086279 0.121843
0 0.640362 0.603693 0.075337 0.101326
0 0.335543 0.885101 0.069655 0.102273
0 0.494844 0.872001 0.083544 0.119634
0 0.652673 0.854009 0.076810 0.105745
0 0.797033 0.540562 0.101641 0.164457
0 0.411090 0.745739 0.121843 0.187184
0 0.581124 0.737058 0.106692 0.156566
