/content/repo/dataset/20110817_013.jpg 455,470,973,2118,0
/content/repo/dataset/20110817_030.jpg 399,746,1047,1990,0
/content/repo/dataset/20110817_040.jpg 283,631,1009,2193,0
/content/repo/dataset/20110817_048.jpg 396,404,1000,2300,0
/content/repo/dataset/20110817_066.jpg 138,137,840,1831,0
/content/repo/dataset/20110817_089.jpg 542,821,782,1621,0
/content/repo/dataset/20110817_096.jpg 600,844,832,1612,0
/content/repo/dataset/20110817_106.jpg 563,868,961,2104,0
/content/repo/dataset/20110817_175.jpg 356,458,848,2022,0
/content/repo/dataset/20110817_177.jpg 349,435,1119,2559,0
/content/repo/dataset/20110817_201.jpg 462,809,1026,1785,0
/content/repo/dataset/20110817_206.jpg 898,142,2106,1380,0
/content/repo/dataset/20110817_211.jpg 569,996,817,1720,0
/content/repo/dataset/20110817_299.jpg 301,106,969,2184,0
/content/repo/dataset/20110817_317.jpg 340,354,1038,2270,0
/content/repo/dataset/20110817_326.jpg 592,1125,890,2081,0
/content/repo/dataset/20110817_355.jpg 392,156,1034,2246,0
/content/repo/dataset/20110817_376.jpg 746,496,1138,876,0
/content/repo/dataset/20110817_401.jpg 513,947,749,1663,0
/content/repo/dataset/IMG_20120226_145048.jpg 215,1184,287,1404,0 869,1182,971,1512,0
/content/repo/dataset/IMG_20120226_151917.jpg 67,684,627,892,0 912,160,1576,454,0
/content/repo/dataset/IMG_20120226_151933.jpg 18,283,440,1775,0
/content/repo/dataset/IMG_20120226_155947.jpg 605,675,913,775,0
/content/repo/dataset/IMG_20120226_161556.jpg 864,387,1320,1333,0 577,1133,1351,2261,0
/content/repo/dataset/IMG_20120226_161648.jpg 64,87,278,789,0 431,839,635,1835,0
/content/repo/dataset/IMG_20120226_162222.jpg 417,1947,585,2225,0 556,698,754,1080,0 524,1048,808,1520,0 1226,880,1636,1264,0
/content/repo/dataset/IMG_20120226_164440.jpg 1135,324,1503,1038,0 262,1385,462,1725,0
/content/repo/dataset/IMG_20120226_164453.jpg 387,1415,571,1745,0 1260,305,1652,1087,0
/content/repo/dataset/IMG_20120226_165359.jpg 817,349,987,439,0 15,221,539,509,0
/content/repo/dataset/IMG_20120226_165408.jpg 516,422,594,556,0 5,262,389,918,0
/content/repo/dataset/IMG_20120226_165417.jpg 625,71,765,323,0 346,443,402,539,0 28,407,190,671,0
/content/repo/dataset/IMG_2710.JPG 1086,1874,1388,2544,0
/content/repo/dataset/IMG_2711.JPG 1472,1952,1740,2690,0
/content/repo/dataset/IMG_2713.JPG 730,1283,2046,4127,0
/content/repo/dataset/IMG_2714.JPG 532,1185,1864,3677,0
/content/repo/dataset/IMG_2715.JPG 63,1144,1925,3206,0
/content/repo/dataset/IMG_2716.JPG 410,1388,1288,2766,0
/content/repo/dataset/IMG_2717.JPG 1353,2048,2177,3884,0
/content/repo/dataset/IMG_2718.JPG 690,2250,1040,3094,0
/content/repo/dataset/IMG_2719.JPG 902,1297,1408,2225,0
/content/repo/dataset/IMG_2720.JPG 952,2640,1240,3266,0
/content/repo/dataset/IMG_2723.JPG 799,2966,1039,3500,0
/content/repo/dataset/IMG_2724.JPG 1869,2421,2247,3695,0
/content/repo/dataset/IMG_2725.JPG 1285,493,3031,4377,0
/content/repo/dataset/IMG_2726.JPG 1245,1416,3001,4092,0
/content/repo/dataset/IMG_2727.JPG 1054,955,2132,3279,0
/content/repo/dataset/IMG_2728.JPG 861,2422,1931,4266,0
/content/repo/dataset/IMG_2729.JPG 854,506,1938,2568,0
/content/repo/dataset/IMG_2730.JPG 1791,2805,2005,3295,0
/content/repo/dataset/IMG_2731.JPG 1439,1811,1885,3093,0
/content/repo/dataset/IMG_2732.JPG 1981,1459,2191,2009,0
/content/repo/dataset/IMG_2733.JPG 1405,1431,1831,2353,0
/content/repo/dataset/IMG_2734.JPG 1414,1725,1680,2649,0
/content/repo/dataset/IMG_2736.JPG 1479,1573,2521,3777,0
/content/repo/dataset/IMG_2737.JPG 1299,2070,2443,4330,0
/content/repo/dataset/IMG_2738.JPG 1313,1626,2061,3350,0
/content/repo/dataset/IMG_2741.JPG 1449,388,1957,1454,0 462,1461,1764,4303,0
/content/repo/dataset/IMG_2742.JPG 2469,1217,2845,1931,0 351,1110,813,1974,0 0,2040,618,4538,0
/content/repo/dataset/IMG_2743.JPG 2289,531,2931,1445,0 365,899,2551,4213,0
/content/repo/dataset/IMG_2744.JPG 318,1303,576,1871,0 2288,3765,2568,4373,0 1808,1436,2910,3764,0
/content/repo/dataset/IMG_2746.JPG 468,3646,784,4316,0 2261,1285,2489,1705,0 2615,1098,2837,1506,0 2345,3511,3167,4751,0
/content/repo/dataset/IMG_2747.JPG 928,907,1190,1481,0 1257,330,1515,872,0 751,2865,1031,3517,0 1307,3881,1611,4579,0 2083,3530,2347,4096,0 2161,2145,2395,2671,0 1227,1488,2163,3478,0
/content/repo/dataset/IMG_2748.JPG 250,2241,504,2829,0 909,1284,1793,3274,0 447,3144,703,3740,0 1343,3921,1635,4587,0 1905,2752,2275,3594,0 1923,1107,2223,1743,0 1319,684,1607,1284,0
/content/repo/dataset/IMG_2750.JPG 629,891,957,1551,0 210,1796,448,2240,0 718,1759,940,2209,0 793,2577,1807,4609,0 1806,3441,2126,4163,0 1962,1713,2242,2301,0 2436,1278,2830,2034,0
/content/repo/dataset/IMG_2752.JPG 1,1,801,755,0 173,1001,1479,2265,0 3395,976,4253,1850,0
/content/repo/dataset/IMG_2753.JPG 2562,1352,3046,2130,0 1614,2661,2004,3347,0 1465,798,1947,1644,0 1,3124,625,4262,0 1,2189,187,2747,0
/content/repo/dataset/IMG_2754.JPG 732,1645,956,2095,0 1461,1155,1665,1587,0 2068,1660,2546,2756,0 1459,2478,1709,3020,0 1189,4014,1483,4706,0 792,4041,1060,4659,0 509,4227,777,4751,0
/content/repo/dataset/IMG_2755.JPG 1081,2075,1397,2731,0 1930,1780,2264,2504,0
/content/repo/dataset/IMG_2756.JPG 1033,891,1735,2291,0 1802,2116,2520,3558,0 978,2907,1784,4541,0
/content/repo/dataset/IMG_2757.JPG 848,441,1492,1861,0 1789,906,2653,2902,0 1222,2794,1984,4520,0
/content/repo/dataset/IMG_2759.JPG 387,1075,885,1593,0 1106,1179,1756,1949,0 656,1944,1238,2652,0
/content/repo/dataset/IMG_2761.JPG 877,1088,1489,1898,0 1861,2421,2589,3501,0 391,1774,1055,2694,0 893,2235,1575,3243,0 1355,1528,1973,2354,0
/content/repo/dataset/IMG_2762.JPG 803,792,1715,2048,0 1228,2360,2308,3972,0 1,1563,933,3015,0 1,807,329,1651,0 268,2,1148,1070,0
/content/repo/dataset/IMG_2763.JPG 893,984,1141,1562,0 1199,1035,1439,1551,0 1610,1298,1864,1862,0 916,1848,1136,2354,0 1208,1811,1438,2333,0 955,2846,1133,3248,0 1343,2810,1563,3284,0 1731,2767,1929,3155,0 2110,2401,2370,3005,0 946,3813,1120,4241,0 1337,3752,1559,4230,0 1755,3710,1947,4138,0 1082,3156,1388,3838,0 1532,3182,1816,3766,0
/content/repo/dataset/IMG_2764.JPG 501,1149,917,2033,0 1368,1092,1848,2068,0 2234,1005,2650,1893,0 502,3270,910,4148,0 1369,3151,1839,4173,0 2269,3084,2683,3994,0 792,1827,1492,3373,0 1789,1842,2421,3206,0
/content/repo/dataset/IMG_2765.JPG 258,544,934,2044,0 1141,570,1791,2016,0 263,2871,931,4371,0 1137,2784,1813,4304,0 2291,1360,3021,2984,0
/content/repo/dataset/IMG_2766.JPG 875,488,1167,1112,0 1254,482,1532,1112,0 884,1506,1172,2140,0 1264,1449,1556,2109,0 1750,818,2060,1500,0 939,2748,1171,3248,0 1429,2681,1701,3259,0 1909,2628,2147,3108,0 953,3962,1173,4448,0 1435,3859,1699,4427,0 1946,3807,2188,4309,0 2365,2178,2685,2958,0 1110,3099,1494,3987,0 1672,3130,2010,3874,0
/content/repo/dataset/IMG_2768.JPG 934,1688,1488,2658,0 1918,1682,2444,2530,0 1705,3135,2075,3891,0 2771,2,3167,750,0 3001,741,3167,1697,0
/content/repo/dataset/IMG_2769.JPG 654,1816,1368,2844,0 1987,1661,2639,2519,0 1665,3239,2211,4013,0
/content/repo/dataset/IMG_2770.JPG 787,151,1621,2017,0 1260,2521,2242,4583,0
/content/repo/dataset/IMG_2772.JPG 628,1388,1150,2550,0 1118,2670,1570,3676,0
/content/repo/dataset/IMG_3003.JPG 678,452,780,790,0
/content/repo/dataset/IMG_3011.JPG 474,362,1074,1694,0 1674,2598,1832,3052,0
/content/repo/dataset/IMG_3018.JPG 694,1638,750,1788,0 1514,1717,1644,2027,0
/content/repo/dataset/IMG_3019.JPG 230,1695,348,1975,0 1379,1605,1563,2019,0
/content/repo/dataset/IMG_3022.JPG 886,1218,978,1424,0 1132,2723,1266,3029,0 1274,952,1422,1274,0
/content/repo/dataset/IMG_3024.JPG 1333,1128,1523,1532,0 971,1530,1097,1792,0
/content/repo/dataset/IMG_3025.JPG 677,2200,807,2500,0
/content/repo/dataset/IMG_3026.JPG 1047,1556,1155,1794,0 1863,1638,2035,2004,0 1616,2288,1676,2672,0 1716,1440,1732,1554,0 1763,1616,1779,1784,0 1743,1783,1763,2027,0 1779,1803,1787,1895,0 1760,2048,1770,2132,0 1759,1739,1769,1809,0 1763,1988,1775,2090,0 1762,1798,1784,2062,0
/content/repo/dataset/IMG_3029.JPG 1517,473,1785,1457,0 863,2580,1145,3426,0
/content/repo/dataset/IMG_3070.JPG 189,377,389,1017,0 811,1011,985,1585,0
/content/repo/dataset/IMG_3083.JPG 46,924,250,1556,0 501,1355,631,1779,0 785,167,891,785,0
/content/repo/dataset/img2.jpg 259,1034,391,1254,0 1348,903,1496,1115,0
/content/repo/dataset/mob_multi_IMG_20120226_161648.jpg 614,1287,670,1385,0 1119,1185,1187,1295,0
/content/repo/dataset/more_medium_IMG_2756.jpg 218,960,808,2234,0 1265,2319,1873,4171,0
